all=[400,400;400,-400;-400,400;-400,-400;800,800;800,-800;-800,800;-800,-800];
[in] = inpolygon(800,20,all(:,1),all(:,2));