format long e
x1=1:1:17;
x2=1:1:129;
x3=1:1:136;
x4=1:1:151;
x5=1:1:157;
x6=1:1:414;
x7=1:1:422;
x8=1:1:438;
x9=1:1:443;
x10=1;
% y1=[7.054845205980959e-01 3.989971000875949e-01 2.240213375513342e-01 1.257797580440632e-01 7.077839164546965e-02 3.958134703563037e-02];
% y2=[7.572408596545138e-01 4.287435648497445e-01 2.441055641762963e-01 1.384913812835700e-01 7.969837149742017e-02 4.452646826334462e-02];
% y3=[8.331501674843440e-01 4.683532828808038e-01 2.644949458512731e-01 1.477820308616229e-01 8.416488038213442e-02 4.645779792314460e-02];
% y4=[5.002223721979366e-01 1.581842032718106e-01 5.002223721979702e-02 1.581842032718028e-02 5.002223721980014e-03 1.581842032717958e-03];
y1=[30.6227906595852,28.6228216407544,26.6228570442635,24.6228978830342,22.6229455502519,20.6230020096275,18.6230701107754,16.6231541368155,14.6232608099282,12.6234012699609,10.6235953251699,8.62388170783547,6.62434716327805,4.62523193047853,2.62752204926308,0.644750368017849,0.268460451390659];
y2=[253.950988645522,252.951001173821,250.951025469692,248.951048100180,246.951069135467,244.951088644494,242.951106694967,240.951123353374,238.951138684996,236.951152753917,234.951165623037,232.951177354081,230.951188007607,228.951197643019,226.951206318570,224.951214091372,222.951221017406,220.951227151523,218.951232547459,216.951237257832,214.951241334154,212.951244826837,210.951247785195,208.951250257451,206.951252290743,204.951253931127,202.951255223585,200.951256212029,198.951256939302,196.951257447189,194.951257776420,192.951257966671,190.951258056578,188.951258083732,186.951258084693,184.951258094993,182.951258149141,180.951258280631,178.951258521948,176.951258904576,174.951259459006,172.951260214742,170.951261200313,168.951262443277,166.951263970237,164.951265806848,162.951267977828,160.951270506969,158.951273417154,156.951276730364,154.951280467698,152.951284649387,150.951289294806,148.951294422497,146.951300050186,144.951306194801,142.951312872496,140.951320098670,138.951327887995,136.951336254439,134.951345211296,132.951354771213,130.951364946223,128.951375747779,126.951387186790,124.951399273657,122.951412018320,120.951425430299,118.951439518743,116.951454292481,114.951469760081,112.951485929905,110.951502810182,108.951520409071,106.951538734743,104.951557795465,102.951577599690,100.951598156156,98.9516194740004,96.9516415628752,94.9516644330852,92.9516880957328,90.9517125628824,88.9517378477424,86.9517639648685,84.9517909303916,82.9518187622742,80.9518474806002,78.9518771079025,76.9519076695370,74.9519391941097,72.9519717139668,70.9520052657607,68.9520398911059,66.9520756373425,64.9521125584317,62.9521507160088,60.9521901806315,58.9522310332666,56.9522733670728,54.9523172895532,52.9523629251718,50.9524104185586,48.9524599384680,46.9525116827083,44.9525658843385,42.9526228195366,40.9526828176960,38.9527462745362,36.9528136693439,34.9528855879671,32.9529627539576,30.9530460714805,28.9531366855747,26.9532360686246,24.9533461475014,22.9534694957858,20.9536096338970,18.9537715156743,16.9539623532617,14.9541930928759,12.9544812361870,10.9548567069119,8.95537547079990,6.95615635073655,4.95750588437290,2.96054342211987,0.975448782929881,0.257590431739898];
y3=[269.185173559929,267.185274448353,265.185369177899,263.185457988887,261.185541117059,259.185618793634,257.185691245355,255.185758694540,253.185821359125,251.185879452706,249.185933184580,247.185982759779,245.186028379113,243.186070239195,241.186108532477,239.186143447280,237.186175167823,235.186203874246,233.186229742641,231.186252945072,229.186273649602,227.186292020310,225.186308217321,223.186322396818,221.186334711067,219.186345308435,217.186354333410,215.186361926617,213.186368224841,211.186373361040,209.186377464367,207.186380660184,205.186383070087,203.186384811917,201.186385999781,199.186386744074,197.186387151493,195.186387325063,193.186387364150,191.186387364489,189.186387418203,187.186387613822,185.186388036313,183.186388767100,181.186389884091,179.186391461702,177.186393570888,175.186396279172,173.186399650671,171.186403746132,169.186408622961,167.186414335262,165.186420933869,163.186428466386,161.186436977224,159.186446507647,157.186457095807,155.186468776798,153.186481582696,151.186495542610,149.186510682735,147.186527026401,145.186544594134,143.186563403710,141.186583470213,139.186604806106,137.186627421288,135.186651323168,133.186676516731,131.186703004618,129.186730787197,127.186759862649,125.186790227046,123.186821874445,121.186854796972,119.186888984922,117.186924426857,115.186961109708,113.186999018887,111.187038138396,109.187078450950,107.187119938101,105.187162580367,103.187206357377,101.187251248008,99.1872972305488,97.1873442828590,95.1873923825459,93.1874415071500,91.1874916343458,89.1875427421557,87.1875948091820,85.1876478148578,83.1877017397199,81.1877565657077,79.1878122764915,77.1878688578348,75.1879262979980,73.1879845881887,71.1880437230688,69.1881037013281,67.1881645263381,65.1882262069027,63.1882887581248,61.1883522024153,59.1884165706769,57.1884819037027,55.1885482538435,53.1886156870099,51.1886842850998,49.1887541489675,47.1888254020885,45.1888981951318,43.1889727117216,41.1890491757841,39.1891278610270,37.1892091033347,35.1892933172068,33.1893810179034,31.1894728517934,29.1895696387488,27.1896724326426,25.1897826097901,23.1899020018475,21.1900331019419,19.1901793964266,17.1903459226866,15.1905402576925,13.1907743869240,11.1910685378632,9.19145992659910,7.19202584993174,5.19295929667122,3.19492435782348,1.20291013884402,0.217706515199573];
